32 32
89 5 16 51 46 31 21 44 64 80 71 53 7 17 37 28 6 83 55 4 84 9 82 67 5 57 78 26 1 51 7 9 
56 39 21 99 67 86 0 88 74 93 30 29 87 57 19 20 81 62 48 37 77 37 55 72 13 3 98 13 74 28 4 88 
99 28 47 36 78 21 40 49 63 97 77 52 78 42 73 88 54 47 65 23 95 80 9 43 80 9 29 54 30 87 37 35 
27 71 54 5 30 63 15 4 50 18 98 46 29 24 80 52 51 10 52 58 71 31 26 69 97 55 23 10 13 54 74 29 
55 13 66 92 4 72 7 53 0 55 15 75 11 11 98 88 77 36 47 10 29 45 32 23 33 97 4 45 88 23 4 72 
8 40 8 11 35 97 90 80 84 57 82 3 21 76 72 87 7 52 60 14 48 70 5 0 96 40 56 59 15 78 57 18 
14 90 70 55 80 53 46 56 47 79 17 97 79 18 63 98 26 98 62 80 68 19 4 82 65 95 31 88 73 33 54 72 
12 39 73 79 58 48 41 39 72 25 39 30 60 65 77 21 25 58 25 14 51 31 36 71 65 54 14 40 3 62 28 62 
46 46 73 13 10 87 94 39 88 8 96 78 64 6 40 76 69 29 52 33 14 38 59 85 23 86 19 22 1 5 26 36 
69 43 91 55 32 97 33 21 27 55 72 85 53 92 22 3 97 50 49 17 36 68 80 65 12 6 95 83 86 56 43 58 
41 46 77 38 15 74 74 1 96 66 15 30 4 35 49 93 22 42 15 53 51 14 51 6 7 75 59 71 34 45 97 47 
61 44 17 34 36 70 13 82 75 25 5 67 28 76 88 28 0 68 86 62 47 59 44 54 29 59 21 38 82 23 79 44 
38 8 61 51 98 2 94 58 54 25 86 14 19 82 27 38 22 68 95 73 9 84 79 43 34 44 95 40 22 75 68 41 
52 18 59 64 30 81 77 67 62 37 6 28 97 17 1 76 93 62 72 12 9 28 24 90 89 89 24 0 69 44 58 50 
58 66 26 55 15 44 74 74 2 78 73 5 7 5 28 81 20 51 50 43 42 95 31 71 34 67 51 83 96 34 24 35 
20 89 41 38 62 58 41 63 84 6 0 73 53 67 7 79 20 74 25 4 96 81 96 78 51 25 86 53 34 82 58 15 
7 71 86 70 2 51 86 34 92 95 57 63 58 50 22 12 48 88 26 97 49 79 40 23 25 59 4 78 4 78 64 96 
63 2 4 71 60 11 2 10 51 29 21 48 38 63 37 82 5 23 15 32 35 44 21 69 55 10 45 62 18 17 34 68 
7 56 39 69 16 59 23 68 93 35 33 0 71 41 33 3 94 25 86 51 46 88 57 5 39 92 13 44 11 80 5 76 
96 80 3 23 73 38 7 69 25 20 95 95 50 20 36 47 61 82 29 2 67 56 42 67 57 4 48 38 43 81 63 83 
97 71 36 2 60 24 56 26 60 3 81 77 34 56 59 8 91 60 6 3 1 19 86 47 58 51 54 90 31 95 77 75 
15 99 46 42 28 50 88 42 85 13 26 61 65 6 30 92 78 37 3 9 49 77 51 25 34 19 31 49 51 22 68 54 
66 51 74 79 54 15 5 40 29 24 65 69 47 21 58 33 22 4 14 7 31 23 11 96 48 71 52 35 98 27 66 77 
1 52 90 89 5 75 93 91 59 56 0 19 41 9 1 45 66 94 90 58 58 80 93 45 40 83 79 7 29 69 25 56 
84 44 67 83 70 18 47 24 20 3 98 36 31 11 33 65 91 54 55 26 35 32 0 77 24 40 81 54 23 68 71 51 
16 46 42 43 33 25 51 87 60 79 91 84 92 62 77 84 53 8 25 43 53 24 26 81 86 73 91 77 17 37 90 82 
9 54 49 87 97 72 1 80 2 99 43 90 89 22 4 44 15 57 56 12 97 62 6 36 54 90 71 6 7 55 9 48 
10 9 26 68 59 29 45 23 47 32 18 92 77 16 68 75 13 15 96 39 75 49 96 37 61 16 51 41 8 90 39 74 
44 30 35 10 70 30 75 55 30 16 80 92 37 95 8 58 28 9 61 98 50 46 64 67 18 78 62 92 97 10 10 68 
11 13 14 40 43 66 3 37 0 78 21 63 72 7 40 97 8 72 3 2 14 79 62 31 7 56 27 97 73 8 97 26 
14 71 57 23 45 61 57 81 40 47 37 17 11 24 99 80 48 54 66 98 12 67 91 49 17 71 44 38 25 8 60 96 
33 86 30 92 1 64 9 87 79 69 89 65 74 51 35 15 45 82 67 8 48 90 1 33 46 90 4 93 0 56 39 13 
