128 128
96 46 35 10 22 27 65 74 83 94 39 23 64 22 51 92 67 25 32 1 81 0 75 25 16 90 70 48 74 85 12 16 36 82 32 26 50 66 25 4 98 4 70 44 27 28 63 51 12 61 56 22 65 64 77 81 13 53 78 39 61 85 51 70 32 88 22 59 31 68 79 43 31 66 65 3 73 21 87 49 41 24 98 37 66 82 93 23 53 8 57 57 60 27 98 87 9 5 37 13 74 73 99 29 91 13 10 22 35 22 3 3 3 28 0 68 69 60 39 2 47 44 27 90 2 46 93 40 
70 55 1 32 43 82 6 20 94 55 63 87 72 21 76 81 18 35 76 12 17 94 12 19 48 28 80 29 4 47 24 25 56 5 42 95 89 58 6 29 27 18 14 59 29 65 84 3 81 17 0 33 43 43 54 30 16 72 68 36 78 89 59 22 50 32 52 83 61 89 85 20 23 69 49 33 45 98 88 45 96 88 46 31 3 31 63 75 18 0 47 5 23 32 55 98 41 58 55 16 90 96 77 13 17 21 54 75 85 25 1 30 73 46 89 41 12 38 82 18 26 49 37 5 96 28 42 74 
92 18 75 50 5 26 4 43 54 97 83 87 64 45 45 44 61 62 68 4 7 76 66 70 25 98 54 39 80 58 74 59 77 56 1 9 89 19 29 36 21 1 87 6 63 86 65 49 87 57 89 33 83 86 29 1 35 72 82 81 12 61 81 43 5 97 19 52 15 80 36 70 43 14 82 40 14 73 50 34 49 90 87 37 60 32 58 97 87 5 74 5 23 77 81 6 94 76 50 49 83 3 56 74 88 59 16 69 8 53 7 70 51 69 34 35 16 44 25 99 18 47 8 60 98 35 36 50 
40 37 15 30 12 87 3 0 27 40 5 73 62 6 91 19 42 47 98 78 17 12 54 34 72 58 66 26 17 29 92 25 42 41 96 0 83 13 40 83 9 73 97 67 47 41 72 59 42 86 79 21 19 87 13 16 32 72 62 91 47 14 80 41 73 23 79 67 99 67 79 81 89 51 36 8 28 57 37 23 10 64 77 25 7 50 90 43 26 75 74 75 44 71 8 52 48 95 10 74 21 92 80 4 64 45 66 52 25 18 54 95 82 33 24 50 85 39 85 36 51 90 13 37 94 78 72 6 
56 86 75 2 64 93 20 81 69 4 67 59 49 17 43 83 36 56 52 96 16 61 18 35 15 26 22 6 2 74 11 1 61 63 85 36 73 68 89 28 81 54 47 93 0 4 99 42 85 77 58 31 89 77 53 0 65 30 11 15 99 60 51 24 30 10 88 58 79 15 96 13 52 69 83 53 7 30 45 54 56 84 36 58 11 45 6 7 90 30 87 29 39 63 68 42 44 20 60 61 71 22 97 27 73 1 45 8 86 0 6 49 43 42 15 86 87 88 10 23 17 67 90 87 34 39 80 84 
18 64 13 36 97 39 33 11 8 41 43 98 8 88 31 76 86 94 56 27 40 86 75 1 15 23 60 64 53 72 60 26 77 58 91 81 60 80 54 93 98 65 47 99 74 57 48 75 98 64 50 93 23 48 99 77 95 29 69 3 56 11 96 32 88 30 34 26 57 85 34 89 91 57 63 23 3 35 37 69 63 17 88 36 39 81 24 79 74 58 85 85 58 95 56 53 92 53 18 8 71 88 23 67 6 45 25 86 8 11 59 36 76 0 64 43 21 49 80 83 76 28 80 26 36 92 25 59 
32 10 83 31 79 55 23 15 4 6 71 71 61 32 20 6 70 33 97 4 57 81 6 20 32 70 55 14 21 67 37 8 33 97 33 3 81 10 85 40 89 92 0 35 85 78 14 96 20 85 42 77 58 32 29 7 15 24 8 4 34 79 42 9 23 87 41 3 67 71 73 3 68 65 48 70 32 54 47 42 75 2 57 27 61 86 55 84 4 79 8 58 54 80 70 57 1 99 9 80 20 88 70 84 25 35 79 68 80 27 77 68 91 43 57 85 25 87 75 39 88 30 88 70 86 19 71 38 
80 62 74 50 10 36 6 51 17 21 57 28 22 61 74 49 31 41 30 57 35 76 25 16 58 53 74 5 58 39 40 54 75 50 37 1 2 20 60 24 44 56 46 52 53 45 60 15 63 10 60 45 31 88 93 47 51 37 68 35 85 76 20 27 43 17 65 57 79 71 28 42 41 14 10 74 83 30 38 48 36 77 95 94 12 20 15 79 75 13 29 63 11 31 9 31 83 94 89 78 54 17 86 66 89 54 77 71 16 96 60 17 98 42 19 48 66 63 43 17 13 57 84 67 1 31 82 31 
68 22 43 95 94 78 94 76 7 37 39 51 81 20 26 77 76 22 13 55 42 1 77 17 53 26 95 89 47 64 31 6 42 88 90 73 24 39 29 36 56 77 56 30 61 36 20 38 71 76 23 67 8 14 2 87 97 19 21 78 61 14 64 94 60 92 26 52 60 79 13 34 4 61 89 87 70 75 74 26 54 9 94 39 59 15 16 90 78 80 18 86 13 26 37 81 15 75 46 68 41 34 19 73 58 57 92 11 69 30 36 90 74 35 39 28 80 71 64 8 11 65 78 0 2 39 22 8 
74 28 44 65 31 9 4 15 34 10 91 90 85 55 70 66 19 48 0 30 47 14 47 11 46 43 21 46 42 90 44 39 14 47 15 22 83 63 38 2 22 75 72 52 63 97 20 6 84 88 87 41 91 5 39 52 11 25 39 82 14 37 1 18 50 80 15 88 45 88 75 35 51 56 57 57 46 68 50 86 73 37 42 61 4 31 6 7 7 68 48 41 81 42 82 48 71 80 37 16 16 37 49 29 92 98 33 5 24 73 37 65 28 57 71 61 99 8 54 3 74 75 4 87 3 57 24 15 
8 82 35 59 89 89 46 26 90 24 51 63 53 43 71 57 34 56 81 15 16 81 77 90 27 58 91 60 62 93 5 93 98 99 34 44 16 20 1 12 32 38 29 36 10 74 62 96 82 48 44 33 14 21 18 66 23 9 94 32 28 94 30 75 21 85 54 66 36 31 93 36 40 20 86 68 95 55 0 35 70 99 27 92 82 96 65 20 89 97 27 78 65 28 44 40 28 78 16 20 13 89 56 58 50 95 2 67 67 37 59 13 70 80 72 11 95 34 25 60 98 5 39 11 26 95 14 90 
80 90 70 11 4 50 37 98 4 35 25 16 39 64 94 24 31 80 78 76 86 60 52 78 25 89 79 15 22 20 83 43 40 11 38 7 21 39 32 92 79 86 3 65 86 13 40 14 5 93 45 41 14 26 85 21 23 90 25 74 54 59 81 5 53 79 66 16 67 34 85 95 33 42 48 68 5 15 87 80 87 30 42 99 28 74 76 23 83 87 91 12 82 26 87 34 98 74 72 49 35 81 24 52 94 6 72 82 47 2 2 10 45 8 31 78 32 82 26 70 7 8 20 20 53 67 25 43 
64 54 39 52 44 52 57 60 66 62 19 67 93 30 69 76 21 93 13 78 25 85 53 67 32 26 56 91 76 17 39 63 15 57 78 43 35 14 13 64 91 39 98 86 43 56 88 1 32 28 16 67 92 79 22 41 72 56 6 61 46 81 53 48 86 98 39 7 8 59 62 71 56 72 83 73 24 91 75 31 69 33 5 48 76 25 85 38 51 58 48 94 52 50 7 68 90 70 97 0 50 79 29 36 83 81 83 98 85 12 94 64 94 9 70 62 82 42 3 56 28 40 53 30 38 16 89 80 
74 12 64 49 77 91 55 98 5 27 39 98 33 54 93 85 47 31 9 90 33 46 90 49 8 87 93 8 75 63 39 96 67 72 16 84 26 74 90 22 29 17 85 17 33 85 0 98 73 55 12 41 14 46 44 19 99 26 76 74 87 36 41 48 0 46 29 3 25 68 40 88 68 67 31 35 72 97 28 94 24 82 73 38 97 13 39 58 84 98 2 6 60 78 68 83 78 71 43 7 25 10 23 32 9 42 76 31 31 79 35 83 95 55 46 96 45 79 37 12 23 21 44 57 31 89 2 43 
84 66 67 36 71 95 41 73 13 49 23 27 77 46 98 95 51 98 89 42 14 41 48 80 46 94 0 78 3 34 45 82 71 28 3 66 95 15 77 88 83 40 74 9 40 10 10 47 3 80 89 33 18 86 62 9 26 22 39 95 29 4 79 9 67 59 92 4 88 91 30 70 28 80 28 34 1 44 9 11 64 44 2 1 22 98 86 40 10 27 93 98 88 87 2 23 75 81 3 4 30 69 50 33 32 76 53 66 70 15 53 7 89 50 80 46 89 22 44 29 15 72 31 53 18 64 96 6 
72 90 70 12 94 60 32 9 18 16 77 68 11 51 81 46 11 98 7 67 68 65 72 52 40 33 11 22 79 10 23 60 5 92 31 85 44 33 56 88 82 64 0 74 15 45 12 90 66 37 35 73 2 63 26 72 83 31 35 41 56 97 62 43 35 41 16 78 63 54 50 40 66 97 50 22 95 12 84 89 97 90 48 73 89 76 74 74 20 65 62 20 25 58 73 61 57 69 95 21 32 18 26 95 79 2 87 17 87 0 48 44 57 62 94 9 49 65 68 95 68 43 19 29 17 20 0 11 
12 82 31 8 82 14 8 31 44 80 7 39 54 17 72 78 37 67 53 33 32 13 76 88 83 57 36 18 89 71 2 8 12 70 19 41 6 88 41 13 19 73 71 31 12 32 72 33 38 63 74 95 71 37 14 32 28 4 36 97 88 27 53 54 44 96 25 90 88 22 79 60 72 71 33 79 38 44 16 3 67 58 67 49 65 43 15 54 76 32 11 87 19 69 77 3 1 5 44 91 99 88 63 46 12 42 86 1 0 78 48 70 37 31 77 21 27 69 25 69 38 91 85 7 78 68 12 64 
50 84 36 58 35 53 18 61 87 28 87 54 21 53 68 68 4 10 17 5 4 15 10 82 67 55 46 51 16 93 47 65 36 33 93 1 54 45 10 86 20 55 90 30 14 53 89 17 63 99 25 98 26 71 44 45 23 99 82 9 9 6 18 86 38 28 75 38 29 56 97 17 8 91 17 57 18 54 69 27 50 50 47 99 17 27 93 34 5 48 81 82 58 97 45 26 81 94 6 51 67 71 77 74 54 14 55 34 62 61 53 56 43 24 54 14 58 99 63 45 21 36 63 34 87 22 97 43 
28 98 42 29 89 4 72 92 71 82 87 31 66 73 2 54 23 29 85 49 21 97 84 89 20 45 44 37 11 23 56 7 84 17 40 99 18 30 80 33 10 99 99 18 73 18 90 19 85 11 14 13 33 27 95 4 58 99 45 62 3 78 56 11 61 41 86 55 56 50 51 71 32 43 42 4 83 53 7 4 91 72 44 54 15 56 51 76 98 0 44 55 59 91 43 70 42 40 69 95 35 98 16 71 1 8 64 33 90 61 59 48 49 15 11 20 10 81 62 78 9 31 94 26 30 24 51 18 
24 26 6 20 80 97 55 17 92 29 81 52 39 54 36 13 4 61 51 98 51 89 15 69 2 49 40 92 96 39 59 5 2 57 83 66 67 72 32 44 86 23 37 46 73 41 41 77 12 73 96 10 30 0 78 67 62 59 29 5 90 24 26 73 89 3 50 9 35 34 23 78 38 80 80 36 54 21 93 5 32 59 82 14 94 94 7 34 17 10 40 20 72 25 34 12 28 12 22 93 9 63 92 61 45 75 22 12 34 58 30 17 32 39 5 39 51 44 2 91 62 30 51 31 57 56 6 67 
44 74 82 29 40 95 79 90 42 21 39 67 94 76 35 85 58 78 66 85 62 53 16 46 6 53 37 32 86 88 86 5 33 27 44 2 5 99 44 45 38 48 8 64 34 64 40 0 87 51 59 51 15 54 79 23 96 1 9 20 54 54 30 44 98 54 87 32 36 2 28 66 20 91 3 37 81 1 61 8 82 14 81 11 21 1 40 2 53 65 73 31 50 48 14 22 48 80 55 43 20 61 53 4 45 70 33 88 15 96 98 39 37 32 93 71 49 84 0 46 40 18 72 1 54 29 58 96 
70 12 28 91 73 26 92 36 13 46 3 58 14 52 95 78 24 48 21 76 22 19 1 44 58 79 42 73 33 46 3 78 53 62 46 7 33 75 66 26 95 26 51 87 39 69 17 97 56 18 27 6 93 81 8 32 50 76 23 56 79 13 31 0 32 62 53 24 25 52 77 54 4 94 51 23 81 7 6 51 53 43 65 12 66 73 98 2 1 49 51 67 45 37 15 77 12 49 57 10 72 55 47 88 63 47 70 45 18 87 91 54 6 66 29 48 72 98 66 66 3 51 63 51 71 54 40 47 
40 74 30 37 80 50 75 84 33 92 43 74 18 92 49 0 84 11 6 4 68 13 51 87 51 45 93 99 88 61 4 68 5 34 44 13 17 28 44 13 82 13 8 99 42 66 2 74 94 79 19 5 97 44 15 50 54 40 10 66 85 49 92 81 67 31 72 18 40 10 88 72 85 10 28 42 42 50 60 12 53 49 22 83 95 7 29 27 55 86 11 11 41 38 69 17 29 55 16 63 64 75 54 41 58 24 71 31 25 43 9 70 48 45 34 70 24 44 49 6 43 49 30 31 61 77 14 94 
68 2 46 1 95 99 74 20 94 42 1 0 24 41 59 59 76 35 75 1 66 33 15 67 45 73 96 58 37 9 90 78 99 42 28 20 94 87 92 29 57 29 14 47 26 1 61 41 77 68 61 50 61 73 79 38 30 44 42 96 56 38 11 63 15 33 32 44 47 5 72 75 18 28 74 78 80 42 19 30 58 67 76 91 78 61 45 34 6 60 27 81 91 29 4 19 11 3 88 32 34 80 22 51 90 59 9 31 89 76 16 63 8 37 1 69 37 87 97 28 56 33 78 56 9 76 77 79 
28 94 30 50 87 65 38 69 92 54 79 50 82 11 90 95 82 25 86 68 17 5 71 8 68 49 25 34 99 38 58 22 46 28 53 28 64 46 92 65 17 94 45 17 43 52 56 36 49 91 8 71 23 63 47 50 76 10 59 95 76 60 19 18 16 36 89 71 16 66 77 87 1 98 29 47 15 94 46 12 48 71 47 0 82 0 94 81 81 59 36 59 77 56 52 89 67 95 30 19 81 33 99 10 19 34 24 59 31 98 8 73 60 82 84 45 47 56 58 87 66 21 48 78 65 65 61 8 
98 92 40 47 24 12 79 60 83 47 19 10 46 51 7 85 41 51 57 3 57 27 0 34 13 95 51 44 57 23 70 3 54 95 43 1 64 34 90 79 86 60 36 24 45 33 53 36 86 82 48 2 49 42 69 79 82 93 65 16 65 59 79 90 82 12 31 31 13 23 18 68 92 9 97 33 63 88 75 68 63 28 28 77 42 20 91 94 42 71 46 27 20 96 77 0 71 36 96 54 9 96 97 10 36 39 21 32 97 89 17 7 50 48 36 98 21 77 44 42 1 2 10 77 15 55 30 91 
20 30 62 94 74 68 14 79 63 41 59 58 67 67 72 67 64 82 82 39 22 26 19 5 38 61 45 34 97 46 24 65 66 11 17 75 60 47 68 29 93 51 97 84 16 86 14 82 64 14 37 9 40 37 23 81 9 76 68 73 7 15 57 19 21 98 82 56 8 70 41 73 85 82 18 15 44 99 1 5 47 41 37 56 28 13 50 95 48 16 61 36 4 30 11 96 4 95 43 6 50 32 32 75 71 61 38 98 76 25 40 7 20 38 18 28 29 47 3 83 53 28 6 37 77 89 48 66 
72 14 21 90 73 29 89 19 92 56 5 80 96 76 50 18 29 22 16 77 12 97 38 9 4 4 49 57 38 18 18 47 28 48 33 46 89 13 72 41 96 83 99 12 7 25 5 80 94 24 31 26 33 46 59 84 18 17 40 16 86 40 48 45 13 64 30 14 36 1 29 96 38 3 32 47 42 75 56 62 45 84 31 68 7 11 18 10 22 46 21 1 14 68 82 18 38 10 59 40 7 36 84 97 15 51 16 9 53 54 7 48 79 58 80 99 6 95 83 37 49 87 38 74 37 49 80 79 
96 78 6 34 21 23 17 5 94 80 95 58 51 54 5 10 11 75 78 15 95 70 74 6 71 77 34 93 64 51 17 91 15 41 14 49 84 28 84 69 88 80 46 26 72 96 88 7 86 46 85 51 94 64 56 77 67 67 84 59 22 79 51 44 98 79 30 37 64 14 94 60 81 25 43 76 9 59 4 17 31 92 34 81 78 74 75 61 62 49 98 72 68 23 90 4 54 50 68 54 82 2 1 33 96 67 59 14 78 20 15 38 40 11 15 11 52 15 32 91 83 0 47 3 45 77 88 0 
70 28 71 60 54 78 46 95 66 64 3 10 18 82 70 87 53 13 26 86 8 71 40 20 31 66 71 94 58 57 50 40 3 96 47 50 15 53 50 75 30 26 45 41 62 77 97 36 83 22 57 18 93 87 93 18 18 14 10 87 99 10 64 56 20 47 40 58 94 35 15 57 36 37 91 18 29 97 40 8 82 68 66 27 47 30 37 10 27 13 64 31 83 8 30 31 26 87 59 50 10 61 63 73 6 91 8 27 68 67 96 49 9 33 12 32 71 36 30 7 14 85 6 42 87 55 37 39 
68 66 6 67 72 58 25 78 98 98 67 82 47 2 71 21 33 4 82 22 17 66 50 43 80 93 2 8 42 48 15 66 3 16 90 48 47 18 52 82 48 78 2 72 93 78 59 41 61 18 66 93 64 7 88 64 29 9 53 17 1 78 82 57 23 40 15 7 60 29 78 43 1 57 80 25 23 36 66 13 42 18 19 5 81 11 16 79 40 90 60 96 47 33 36 7 31 90 18 58 91 4 50 10 5 81 1 65 12 43 14 25 31 28 25 26 95 54 26 8 2 31 53 74 81 94 91 2 
36 98 33 18 79 54 32 14 51 69 93 92 24 27 9 88 93 21 36 92 91 13 85 31 43 76 98 51 31 36 10 76 57 37 98 43 52 84 4 13 35 86 56 5 85 81 73 32 64 71 4 74 8 55 19 75 94 78 89 63 48 31 4 87 83 26 43 21 32 89 26 10 99 74 86 9 73 19 41 71 55 8 13 49 79 9 28 25 99 68 24 14 8 43 3 73 45 97 70 48 28 65 78 0 20 56 75 12 24 92 33 74 51 68 43 61 60 66 30 18 75 58 61 47 45 37 14 67 
16 58 10 51 75 0 16 28 17 29 87 22 67 5 81 96 11 30 42 26 98 78 94 76 78 37 30 7 44 64 65 48 76 30 58 67 31 79 52 94 52 39 47 55 22 28 5 47 68 22 59 96 62 93 68 39 39 36 54 74 24 77 28 86 76 45 80 64 44 77 42 17 25 41 45 90 64 60 33 21 29 80 4 90 79 20 84 41 95 67 93 36 55 87 95 3 13 45 3 82 55 3 59 3 77 67 6 85 57 26 17 68 75 21 23 1 2 30 59 60 25 86 3 45 29 66 70 4 
18 52 55 97 28 23 25 42 92 98 55 58 95 44 17 86 62 72 58 57 6 19 87 1 82 62 72 24 35 14 10 21 36 33 96 20 50 99 46 15 25 57 10 70 23 1 81 63 17 37 87 22 92 16 82 84 57 38 56 3 81 32 17 98 14 65 50 36 98 91 72 54 5 76 97 16 48 70 37 41 76 1 16 96 48 40 2 17 87 7 75 12 2 39 76 70 9 2 41 61 75 13 9 75 71 72 31 30 64 89 62 14 16 59 87 82 89 43 61 96 12 4 49 16 87 24 92 59 
84 83 62 19 74 83 71 49 68 32 67 78 91 93 14 64 89 15 39 53 51 34 82 0 11 73 62 86 19 97 11 3 12 81 31 2 78 41 96 70 79 60 23 33 6 42 3 53 87 22 75 22 68 52 40 99 77 74 99 96 3 4 34 63 37 90 73 69 28 89 31 12 65 36 14 3 45 93 51 6 4 42 69 98 53 65 93 79 37 76 42 56 2 81 46 50 78 9 73 54 56 25 40 8 94 53 56 32 95 29 0 58 51 50 56 0 53 2 48 13 28 94 41 43 69 90 6 2 
60 86 49 55 81 44 71 74 37 14 65 68 9 62 37 39 38 63 72 47 1 18 57 96 61 88 74 9 16 25 97 33 18 46 55 45 52 31 88 13 43 68 21 62 90 33 33 59 53 47 49 26 56 65 92 42 89 27 23 38 42 9 13 21 25 24 73 64 4 69 99 83 67 74 36 67 3 76 74 19 58 41 55 30 64 23 73 49 36 94 66 86 7 55 65 20 96 0 85 55 98 34 68 26 38 36 54 7 35 90 63 71 86 33 22 23 65 33 68 70 69 81 49 44 28 10 81 43 
20 35 41 68 17 66 71 39 59 2 87 10 31 96 16 19 15 88 15 1 25 98 61 13 93 29 79 10 9 10 33 57 93 63 55 49 38 98 64 70 75 37 12 72 59 84 69 22 93 81 96 68 25 14 84 70 55 52 68 78 50 55 49 80 86 3 38 19 92 25 91 91 1 76 35 24 78 65 2 26 80 1 94 59 16 74 22 53 80 13 87 84 69 10 1 50 40 12 70 2 68 35 73 21 98 3 98 71 37 16 79 61 35 78 6 83 27 33 69 93 59 17 46 34 81 62 77 56 
42 96 27 89 50 13 16 69 30 15 39 54 11 75 16 12 66 58 22 52 21 4 75 11 29 82 16 35 20 96 49 46 17 38 53 46 37 6 42 67 36 51 0 78 65 72 73 83 86 29 4 46 80 29 66 43 1 3 37 30 79 59 5 16 96 99 24 67 94 86 53 59 97 95 83 58 18 3 31 65 79 57 42 49 8 50 88 49 92 89 10 68 41 23 82 49 20 17 80 25 72 90 3 49 0 44 58 9 51 55 48 36 72 88 62 48 6 31 99 73 58 22 73 97 14 92 94 51 
68 11 61 56 48 13 90 25 6 5 60 14 0 44 33 26 34 46 51 33 94 30 45 78 66 0 59 37 64 63 11 76 97 74 8 36 53 15 68 26 18 98 92 98 92 46 47 84 4 61 65 62 51 41 81 17 21 67 4 47 44 27 15 69 99 48 55 76 80 49 0 81 45 20 52 17 75 38 60 14 67 83 24 68 78 11 82 94 34 74 41 85 37 72 72 93 45 84 7 57 9 94 70 38 71 46 7 99 62 83 98 72 42 35 47 14 70 53 38 65 62 17 0 13 77 79 28 98 
44 46 69 64 79 62 6 61 51 28 89 76 81 13 0 1 94 86 88 6 12 74 52 74 96 40 47 32 92 23 81 86 11 7 71 18 87 21 56 74 50 66 26 47 91 16 49 31 27 14 98 14 76 42 12 85 73 64 76 10 67 76 74 47 39 54 51 42 16 72 80 80 75 69 82 17 69 45 87 44 52 14 58 47 61 85 22 13 33 88 85 18 78 2 71 23 59 51 40 31 47 42 90 8 3 92 53 94 23 48 29 41 54 87 18 85 55 64 66 63 95 88 1 34 56 66 12 75 
76 7 1 48 79 20 78 70 21 36 64 54 76 63 11 45 24 83 59 8 7 62 45 23 79 52 15 0 26 19 56 86 2 41 68 26 5 21 20 66 90 7 9 9 16 28 49 66 31 25 61 68 21 28 41 69 50 81 57 33 99 14 13 58 92 21 36 1 72 89 72 48 10 31 13 10 84 6 75 30 46 53 37 88 88 36 87 64 48 87 82 85 16 62 7 45 39 87 33 81 21 32 43 87 24 8 33 10 16 26 37 87 50 16 29 89 29 24 32 90 17 56 46 8 37 67 40 56 
10 96 19 74 16 83 87 77 12 48 59 97 99 38 99 35 67 73 51 3 51 24 2 49 7 58 41 93 81 33 69 83 14 47 54 59 44 73 41 96 31 9 13 99 50 92 73 98 24 64 9 58 55 94 47 62 49 72 19 69 24 89 30 10 34 17 98 86 82 58 26 41 45 59 81 76 72 0 56 82 57 38 81 54 65 24 25 5 73 54 36 0 68 26 11 68 59 97 75 5 1 23 77 31 25 44 53 96 62 97 54 81 75 58 37 30 92 30 14 5 56 41 44 18 2 60 45 47 
20 19 73 41 58 15 13 72 48 54 12 90 72 51 29 9 66 28 19 92 45 22 40 44 77 12 28 27 8 76 82 85 22 27 84 49 4 42 0 86 34 92 9 67 13 90 23 0 17 69 66 82 15 38 77 88 92 24 70 67 26 13 56 43 9 82 61 27 48 8 53 18 42 7 62 99 18 3 58 39 29 40 46 81 90 14 16 26 67 47 55 81 52 7 49 0 32 83 90 37 86 10 40 32 36 22 86 66 78 73 8 33 74 17 31 4 48 76 29 98 3 31 32 14 5 59 23 58 
20 10 57 80 73 76 36 12 25 73 29 47 78 80 63 76 31 52 21 5 87 50 72 64 11 0 47 50 29 92 61 99 4 88 48 96 90 56 43 62 25 45 71 96 21 64 58 46 20 42 52 6 67 19 13 71 9 56 14 41 25 30 54 33 93 52 45 57 4 36 36 37 23 60 92 63 72 26 80 76 38 94 88 33 1 64 8 53 57 85 11 43 21 86 16 50 66 50 98 74 12 91 76 15 48 60 36 73 50 66 99 18 85 97 65 80 97 91 57 28 20 79 16 79 96 7 74 63 
16 75 57 61 29 93 73 58 35 93 16 54 68 70 66 44 4 13 43 11 82 38 76 69 38 8 40 46 59 61 0 35 35 30 1 0 32 43 52 14 97 18 38 2 94 28 45 45 44 20 23 32 13 1 1 4 58 90 23 76 5 52 22 88 62 63 42 12 52 36 21 89 18 75 79 48 19 19 88 35 29 6 31 9 65 39 81 8 69 20 9 69 91 73 12 56 74 34 92 53 14 93 37 70 21 48 80 97 27 20 91 76 90 34 28 88 7 72 10 51 66 71 1 29 61 15 26 68 
86 16 62 14 62 32 70 64 38 98 11 89 28 33 34 53 31 84 11 43 98 48 37 83 50 26 77 31 50 95 1 32 27 24 30 93 35 67 41 36 11 0 82 32 47 92 82 6 97 76 2 22 87 12 91 41 1 13 5 21 18 59 91 80 28 19 72 56 62 70 23 98 85 2 27 6 79 57 77 22 44 10 95 11 81 99 82 85 98 8 87 9 82 81 33 95 94 8 58 36 26 11 67 54 15 5 84 90 98 15 80 15 95 99 13 29 14 77 72 26 1 28 96 80 18 97 44 83 
40 39 97 73 40 20 72 23 94 12 56 6 8 50 68 79 19 99 11 99 35 75 68 62 75 4 32 22 21 38 58 98 55 8 29 43 68 21 92 15 25 11 74 40 70 38 31 67 91 44 79 14 26 11 62 43 60 45 95 90 48 96 24 85 31 92 91 21 33 68 90 56 86 98 76 85 36 88 11 47 92 12 4 70 55 8 93 74 35 1 86 45 47 55 43 7 39 38 85 25 19 75 14 27 89 50 25 1 77 30 30 43 77 30 38 3 17 39 87 11 85 38 3 16 85 31 26 14 
56 78 48 37 63 85 63 28 96 18 53 51 62 63 94 30 79 31 1 44 61 46 47 66 74 0 44 1 90 69 36 8 29 53 17 46 61 35 15 78 68 71 56 73 78 8 58 6 66 62 9 3 63 32 93 34 1 37 3 68 15 73 87 79 51 50 54 75 68 24 33 87 11 48 98 1 74 19 22 17 17 83 46 54 54 26 29 32 74 19 78 27 0 5 6 1 53 97 97 18 25 12 93 45 5 5 7 44 85 75 73 68 49 62 60 74 54 51 39 65 78 53 96 16 80 31 1 71 
40 39 41 5 67 55 56 33 70 74 44 10 40 85 13 46 89 48 68 46 80 27 91 19 37 96 16 49 76 2 0 36 60 95 50 38 87 70 96 83 65 0 99 14 91 84 25 93 2 0 80 24 68 34 2 38 78 47 32 72 35 3 43 34 96 97 87 51 1 0 70 14 90 38 33 38 13 68 73 39 63 90 77 58 77 49 2 52 10 50 35 38 30 81 86 83 44 21 82 16 80 85 18 0 22 56 3 36 39 65 73 30 85 99 4 10 60 7 40 75 40 62 81 34 20 72 69 60 
6 24 94 79 20 94 65 31 77 31 99 97 60 96 22 68 24 22 35 6 93 8 13 44 25 49 58 18 94 80 12 25 55 37 83 83 46 22 77 52 42 54 75 45 25 40 98 73 7 63 16 43 7 45 99 79 88 26 90 16 28 66 87 26 10 5 9 79 66 25 12 31 82 25 85 12 69 78 62 55 38 7 53 20 94 5 60 56 66 14 29 93 85 89 47 62 57 83 97 84 51 56 36 16 0 25 19 61 25 76 26 4 94 13 88 11 67 72 39 3 31 83 95 17 94 1 58 23 
28 39 33 22 58 30 3 46 9 77 92 62 9 72 83 38 59 89 60 86 66 23 27 67 98 80 41 56 34 15 6 47 28 17 42 48 7 19 44 47 92 17 55 85 0 26 39 87 24 20 73 58 50 29 34 50 24 61 81 17 10 74 21 95 1 42 44 28 1 28 75 93 78 26 62 39 30 92 20 40 54 1 30 71 8 58 83 38 4 31 0 10 53 46 21 46 34 49 28 56 8 88 95 85 99 63 92 68 92 88 65 0 89 40 37 41 47 6 14 72 43 37 47 81 16 64 0 34 
84 18 44 1 81 23 18 71 94 64 61 87 2 62 61 97 8 21 61 55 36 62 47 79 84 39 68 47 11 87 8 77 86 38 46 67 36 57 7 54 11 77 49 14 32 84 14 41 31 9 70 3 98 45 54 73 44 74 77 92 69 3 72 17 49 48 80 62 72 3 38 28 8 63 68 67 44 92 11 65 87 11 64 75 50 68 87 20 19 89 20 71 19 61 36 76 84 92 0 30 18 40 75 31 10 93 30 39 29 13 52 57 44 16 8 68 64 6 82 73 4 12 7 78 8 72 28 35 
16 99 53 50 25 5 59 28 24 48 80 90 93 8 20 85 77 87 32 46 3 59 87 4 7 16 81 39 9 8 19 25 41 72 50 71 2 65 16 3 24 22 92 15 8 28 53 77 3 32 33 44 20 59 6 41 78 16 86 55 21 1 39 32 94 23 41 49 81 48 51 24 94 89 75 48 99 21 30 76 14 75 76 68 26 99 51 28 34 40 62 58 65 48 60 26 19 17 69 72 17 10 24 78 95 33 6 91 50 63 84 15 36 13 87 24 90 98 55 64 6 28 49 88 84 4 68 32 
2 20 78 0 58 68 72 10 59 80 19 85 32 23 93 78 12 89 91 57 3 72 96 34 96 97 19 16 15 22 4 30 0 87 80 28 41 37 49 81 89 72 92 38 46 36 54 69 52 27 17 15 82 30 4 78 48 10 12 23 18 12 20 48 80 7 47 21 62 21 93 72 2 93 91 30 80 59 11 12 9 60 56 81 35 11 89 52 11 40 96 22 44 16 52 37 48 90 23 84 72 25 54 18 49 5 22 40 8 82 93 18 10 99 63 9 57 79 81 36 77 6 43 95 98 6 21 3 
84 51 13 18 48 44 70 74 59 50 20 90 73 87 74 16 88 0 64 21 4 31 19 93 77 36 85 62 47 40 57 0 9 86 55 2 22 2 56 47 35 79 52 34 65 86 80 58 86 31 78 46 22 54 62 8 84 74 26 81 80 48 78 73 19 36 22 79 53 88 43 98 86 25 52 29 1 17 17 80 85 5 93 80 12 0 84 18 9 73 31 10 40 82 14 18 81 84 50 96 53 80 49 75 28 95 87 2 24 50 43 6 40 13 29 55 69 46 8 80 9 96 30 14 68 88 83 18 
40 62 76 38 63 25 69 78 52 9 53 87 99 77 28 75 48 56 38 6 74 98 38 5 75 19 89 57 56 44 44 43 43 43 66 93 11 56 83 27 55 0 14 82 81 24 62 21 49 49 4 7 38 27 94 56 44 31 70 75 55 22 76 47 51 46 22 53 84 75 19 93 76 74 34 61 51 9 12 90 50 48 43 32 59 94 48 16 55 95 3 8 41 52 9 75 27 3 43 41 27 73 21 73 28 57 5 94 12 11 66 19 4 25 71 62 58 57 16 54 62 23 15 63 80 64 18 87 
44 23 92 59 71 75 49 79 30 13 92 26 61 39 88 95 38 61 68 77 82 3 66 62 18 36 33 85 93 45 95 66 46 25 35 69 45 95 12 75 75 85 17 36 14 96 98 96 17 15 50 60 35 44 15 80 21 33 15 91 31 12 80 14 56 9 35 76 29 11 0 49 98 29 73 10 14 78 60 80 80 92 94 37 11 89 61 3 43 26 20 62 96 75 33 17 30 84 20 88 62 31 18 4 41 45 85 30 93 45 90 33 12 38 78 62 95 77 53 17 63 71 4 57 16 45 90 52 
42 4 50 44 8 21 91 70 85 46 7 89 45 18 16 85 96 51 12 32 62 73 52 20 98 69 91 63 44 19 8 79 61 4 85 94 57 80 89 53 88 55 65 43 48 12 18 24 66 35 6 75 46 99 72 69 44 99 33 43 92 63 21 46 74 93 17 84 50 93 98 22 78 40 9 24 6 4 24 28 55 4 2 27 3 81 7 40 0 18 54 26 23 64 50 52 35 29 38 67 26 49 88 60 94 46 29 95 52 64 47 87 5 24 7 23 14 35 99 24 38 29 70 12 30 10 31 87 
8 43 4 31 42 61 9 73 13 32 8 25 1 26 9 83 4 30 24 4 83 35 42 39 44 76 2 73 28 82 13 21 98 83 4 68 49 5 96 83 55 66 97 87 34 86 20 50 7 11 63 82 73 23 11 51 71 51 32 80 22 19 94 51 49 38 92 73 21 47 96 4 43 28 82 87 15 30 70 73 47 26 91 33 69 98 30 81 50 27 9 79 7 61 60 21 48 75 21 12 54 89 43 97 13 79 10 37 71 12 1 91 64 51 12 9 82 57 2 69 82 15 18 12 72 5 38 98 
88 10 12 83 73 22 16 13 38 54 29 19 83 76 32 34 69 71 62 30 13 55 85 43 14 7 37 32 61 42 7 68 0 32 47 91 90 67 11 91 34 2 87 15 58 28 34 44 18 48 41 15 18 76 14 14 96 44 48 55 73 96 33 37 93 12 80 11 72 71 8 18 52 82 96 15 25 38 29 22 36 92 81 25 80 68 45 20 20 5 94 4 68 80 91 98 82 62 89 21 16 14 99 40 93 66 68 73 72 69 16 20 95 91 50 88 3 40 43 75 19 50 54 73 96 40 73 95 
56 75 60 99 5 32 60 51 88 2 80 17 41 78 15 10 34 40 44 4 52 91 94 56 1 20 38 20 62 47 91 27 43 90 72 63 80 94 52 67 18 19 74 13 71 52 58 16 6 83 96 72 47 22 63 19 45 61 89 46 97 2 33 80 14 19 37 99 9 59 81 58 67 88 91 23 20 39 29 85 99 40 64 66 99 55 66 79 72 72 79 19 23 99 7 24 45 91 67 95 79 51 36 47 58 25 76 53 37 79 24 46 43 12 78 92 77 12 36 34 45 22 84 42 84 29 69 84 
90 76 74 13 39 55 90 41 23 95 63 73 61 45 23 19 45 42 64 95 4 9 15 2 65 65 76 57 49 8 91 40 70 25 66 15 24 14 97 69 4 69 62 28 93 68 90 40 83 18 84 55 65 20 37 88 12 60 59 6 46 17 25 52 56 63 87 99 30 73 95 47 78 31 7 61 52 77 2 69 42 41 92 24 0 51 76 84 65 84 37 6 90 63 8 7 50 32 9 67 11 30 34 43 36 46 4 58 51 22 53 13 17 54 82 53 72 70 94 69 84 51 46 5 89 83 90 43 
0 15 40 92 41 83 52 76 3 21 20 33 94 89 52 37 9 49 9 35 70 67 65 73 34 63 54 23 9 3 41 46 27 40 52 81 20 91 96 56 82 40 91 43 40 58 60 25 57 58 60 63 5 68 83 46 55 92 98 84 4 53 7 97 95 48 18 80 5 75 65 9 15 36 48 80 73 63 79 13 78 62 57 30 13 88 19 93 58 25 72 47 54 53 22 56 3 90 4 35 79 46 9 84 86 47 93 72 35 42 3 93 27 53 87 39 56 40 65 38 64 58 13 9 96 13 32 42 
28 31 84 67 80 48 59 13 52 32 89 15 91 91 3 4 69 29 66 25 16 63 57 93 0 3 82 2 57 47 35 89 21 41 88 60 37 54 59 51 45 52 0 76 64 96 30 44 40 40 82 59 1 93 83 17 35 45 77 62 23 90 42 87 7 10 86 74 68 26 5 36 36 85 22 28 67 79 58 63 83 77 47 18 44 27 79 63 45 82 60 61 67 43 81 45 81 69 76 1 21 27 41 30 70 50 16 11 71 19 70 94 19 44 13 14 33 19 29 68 77 29 58 6 23 33 27 91 
52 91 24 72 60 78 59 78 35 83 76 33 38 25 2 60 71 54 61 63 47 91 37 86 24 35 31 10 47 48 74 8 64 31 93 52 43 29 4 12 21 25 95 10 84 64 2 39 40 34 37 13 91 59 15 93 13 38 38 89 87 5 29 30 36 21 79 81 89 23 62 51 67 67 65 89 87 36 70 21 33 89 18 55 24 94 0 87 53 13 37 59 13 82 49 47 64 38 45 95 36 36 42 37 79 42 11 92 12 65 86 92 31 33 53 46 35 36 2 14 51 17 19 76 88 53 72 64 
82 69 17 6 13 33 1 92 6 60 19 73 17 72 82 50 21 60 48 14 95 81 86 44 64 17 72 63 30 54 87 45 63 14 90 57 43 45 41 97 71 47 15 25 50 40 2 83 0 78 81 23 73 26 65 99 15 93 84 82 15 44 98 2 26 17 89 33 34 60 84 48 70 3 85 11 83 78 43 33 72 33 26 73 24 54 98 19 73 33 43 63 45 83 89 70 93 67 36 18 60 67 96 65 41 74 83 29 43 24 47 26 76 23 25 67 98 85 64 2 46 10 2 71 9 55 97 3 
92 99 56 68 43 77 31 83 62 18 92 81 50 44 8 12 33 19 49 47 96 28 53 58 81 99 79 45 90 9 72 75 64 25 37 7 67 98 55 64 85 70 0 72 49 2 64 53 66 74 70 55 16 21 76 25 67 29 23 91 93 52 80 43 53 34 67 31 73 35 50 82 3 79 54 10 40 84 45 6 8 15 60 4 78 35 20 89 35 66 18 51 13 20 67 91 10 61 35 3 61 51 15 2 16 36 4 7 82 8 17 74 99 18 86 77 89 95 27 55 54 60 13 39 72 14 67 82 
96 55 91 92 82 38 30 76 63 77 33 43 88 53 74 87 82 0 86 60 18 59 52 86 67 71 22 37 46 25 59 38 10 2 21 2 52 84 91 71 92 50 53 1 65 28 19 55 13 59 27 75 57 78 63 96 95 33 59 97 4 73 70 29 93 44 7 73 41 6 10 13 93 16 76 70 78 0 35 11 21 38 42 47 53 65 48 15 30 64 67 9 70 42 46 48 60 25 67 48 6 79 47 76 27 46 83 74 46 97 28 7 6 54 61 40 78 63 75 32 35 92 25 63 27 77 46 75 
0 3 48 77 2 44 78 25 33 89 48 5 46 80 81 83 43 73 17 18 97 4 29 19 18 51 43 89 16 13 46 41 9 84 98 6 35 31 63 8 85 72 16 95 50 32 94 31 17 38 74 49 30 88 8 36 61 27 64 85 0 55 2 32 90 15 96 92 37 70 43 29 67 35 27 7 13 37 15 26 51 37 93 4 52 40 61 27 17 15 28 52 0 94 90 18 19 25 20 55 65 85 72 43 72 26 90 47 88 35 44 69 42 35 36 92 68 15 20 59 49 20 43 93 28 22 98 24 
50 49 49 54 67 91 91 23 0 10 43 53 46 99 25 76 62 75 97 89 34 57 98 49 59 93 81 18 19 55 63 62 4 39 91 55 46 68 21 2 22 90 60 2 88 92 23 87 22 81 66 11 69 15 89 37 23 30 46 69 33 42 7 28 52 87 22 20 31 24 96 57 51 54 43 37 65 74 48 58 43 18 5 74 77 56 7 47 26 71 42 95 55 54 63 73 64 34 50 54 73 28 6 27 10 63 30 76 26 2 61 32 84 65 0 97 23 80 43 91 24 69 73 12 57 28 19 3 
20 63 48 93 49 75 82 63 24 23 24 69 38 91 71 6 14 10 45 6 31 16 40 32 16 51 39 72 38 94 8 72 9 71 22 13 58 57 75 8 64 25 57 5 62 86 36 32 4 58 27 27 8 19 24 55 74 29 9 34 55 78 12 25 59 28 9 25 25 94 19 55 39 94 64 76 18 57 98 46 7 84 98 21 95 73 34 33 80 20 13 56 20 0 97 58 37 56 46 78 98 35 93 52 65 8 43 42 77 42 43 4 42 80 46 55 15 22 58 19 52 23 52 68 68 74 10 86 
56 83 3 57 80 55 97 67 65 54 61 35 40 0 81 81 74 82 55 67 21 7 4 60 50 47 91 35 27 42 78 47 63 83 14 48 3 59 75 52 40 29 46 22 62 24 31 43 7 71 77 27 84 63 24 51 43 78 25 61 50 11 51 63 51 10 45 39 53 78 23 14 57 44 62 72 56 65 61 68 84 38 28 12 41 87 54 75 74 82 81 17 45 78 88 43 83 28 30 96 39 72 17 78 33 19 70 29 62 67 90 61 58 52 24 66 44 2 14 37 24 70 57 45 43 38 97 15 
32 11 68 13 64 97 85 60 83 86 96 33 71 75 20 9 88 95 13 5 40 28 36 57 53 31 44 23 37 79 6 94 78 81 54 23 18 70 35 24 72 58 1 0 35 56 2 90 39 93 8 81 66 77 4 47 88 64 33 0 70 17 87 18 40 1 86 62 17 2 24 90 31 22 77 77 99 42 0 62 86 18 19 81 17 94 51 66 34 45 86 28 83 33 0 5 10 52 59 38 34 66 58 29 37 78 13 53 63 57 30 43 10 16 27 62 78 82 55 0 38 99 90 59 4 98 81 64 
94 85 33 27 1 28 26 35 38 7 67 49 14 58 21 99 30 17 9 21 56 37 49 15 85 60 1 52 84 81 18 23 29 0 0 40 69 86 1 18 57 64 61 90 69 24 51 50 79 93 39 19 20 88 78 68 35 7 75 68 67 45 51 30 34 41 88 27 19 96 1 43 23 49 13 7 31 99 17 6 89 26 59 59 58 22 68 31 55 61 64 4 86 78 97 84 31 33 53 6 18 76 96 29 7 11 81 31 65 56 95 25 39 78 44 44 85 23 65 68 85 28 57 93 33 68 90 7 
16 7 19 66 59 76 37 14 22 5 80 29 23 94 78 89 14 89 65 13 5 0 60 26 74 19 36 38 55 96 16 73 94 44 75 98 93 67 55 88 19 67 30 42 80 73 40 64 1 41 28 43 48 92 60 38 78 26 54 14 25 69 73 7 45 98 7 32 93 22 4 29 23 14 78 10 4 18 39 71 37 68 4 14 31 67 23 92 60 18 92 96 39 91 43 89 52 7 4 30 91 36 79 35 70 32 10 77 89 44 81 81 26 73 29 10 1 22 56 64 57 78 32 29 15 59 24 86 
76 83 51 29 74 37 60 22 63 32 73 58 48 31 56 56 79 77 71 14 87 75 47 78 13 62 55 97 68 68 62 52 16 16 98 97 91 78 11 60 87 23 47 71 88 52 67 6 52 43 98 83 84 85 64 49 11 43 42 20 28 70 52 57 81 76 99 10 41 41 44 7 61 67 76 2 70 42 66 0 6 79 10 78 6 25 63 43 79 4 72 18 24 49 38 94 18 79 33 11 21 5 19 73 50 67 9 76 85 65 89 86 9 5 71 25 26 5 44 46 82 1 52 18 71 82 79 43 
16 15 15 82 14 39 80 84 21 75 20 85 75 46 87 40 36 54 82 56 39 96 91 99 60 11 64 13 74 8 53 67 71 54 95 69 29 45 83 60 19 16 86 61 8 35 94 86 72 33 37 41 65 26 5 26 60 13 47 3 64 60 15 88 86 47 84 29 97 50 5 35 96 97 16 67 46 51 25 67 4 30 65 50 18 88 0 6 3 3 9 88 30 1 42 40 5 19 94 50 43 10 0 32 7 67 48 76 70 31 45 48 33 46 95 25 63 37 41 73 52 21 26 8 15 51 20 84 
14 41 37 24 47 78 41 58 88 88 91 92 54 17 68 17 63 56 53 8 27 54 9 77 76 16 34 34 24 30 54 96 2 29 53 14 44 97 85 10 8 2 18 59 62 4 87 74 5 48 33 16 60 13 62 59 50 87 73 12 81 51 64 40 4 79 54 53 99 75 98 36 51 25 32 21 18 20 50 79 12 59 25 64 66 88 50 7 27 71 79 56 5 21 54 35 26 96 12 9 27 49 34 72 36 19 0 94 97 22 50 75 11 64 87 74 46 79 63 68 95 55 56 15 69 76 9 51 
12 63 35 54 41 82 27 69 24 26 96 97 71 89 61 59 34 19 42 0 20 44 11 40 21 35 4 77 4 45 95 10 87 77 96 64 4 30 63 37 51 33 51 83 33 69 77 15 27 61 10 39 67 41 85 5 78 19 60 97 67 55 62 57 11 76 97 82 77 82 5 70 24 69 65 80 35 99 4 79 36 1 46 51 88 53 93 36 9 28 86 37 69 58 40 20 19 14 75 58 40 85 69 49 63 77 5 80 84 14 32 7 81 63 4 4 78 25 23 89 71 25 84 23 15 3 79 50 
88 87 35 74 64 47 19 74 89 9 69 46 45 10 99 42 63 83 35 33 54 32 46 76 55 18 48 24 33 33 74 85 1 1 43 19 46 40 67 96 2 97 20 84 41 76 27 82 50 74 23 44 56 6 52 24 66 32 12 7 38 84 36 43 83 10 1 17 37 29 41 93 73 18 55 92 85 31 51 73 53 27 84 79 51 11 8 19 44 94 2 46 75 57 95 37 97 46 39 95 50 9 53 55 47 27 68 15 48 55 91 52 24 15 3 83 59 72 35 95 72 16 80 48 75 11 26 59 
84 15 91 83 52 1 27 63 11 89 52 93 59 57 79 75 89 48 90 40 61 8 63 77 7 55 5 92 95 70 21 60 56 39 88 79 0 88 75 81 58 15 35 41 2 3 35 49 82 57 94 97 29 68 45 72 44 42 36 59 14 82 88 42 64 17 90 56 45 14 85 96 24 93 42 9 52 96 55 3 7 43 96 80 22 90 45 78 24 89 99 1 5 28 51 91 4 58 61 86 92 87 98 82 16 91 27 15 10 57 55 86 81 56 70 11 25 48 12 9 58 84 17 5 63 79 82 84 
78 85 61 76 5 40 36 61 14 54 83 84 67 8 99 64 91 55 61 51 13 6 8 35 31 64 78 29 73 36 2 13 91 62 82 76 71 36 69 14 12 5 99 40 68 32 31 25 66 80 14 32 87 22 11 42 70 72 38 67 79 97 81 94 30 33 52 32 3 31 19 5 71 12 62 79 20 37 47 11 42 16 68 53 71 86 51 6 76 1 18 84 12 84 72 26 49 23 27 97 68 46 20 54 62 88 23 32 20 96 24 49 62 22 30 52 76 82 70 57 89 49 36 44 33 85 43 99 
44 99 63 59 59 92 90 29 95 23 36 37 83 76 20 50 11 38 74 35 43 84 95 73 92 67 77 87 21 11 11 83 88 38 84 10 27 45 31 89 90 88 20 96 58 69 13 51 80 48 71 47 99 66 65 24 6 76 25 17 17 6 10 7 25 30 43 45 45 41 90 11 40 96 23 18 9 68 57 4 66 17 25 32 64 95 6 96 94 82 97 45 48 38 54 51 74 46 94 61 45 13 99 27 44 5 60 15 95 20 94 80 45 84 72 74 16 68 89 62 93 64 7 16 35 39 74 78 
28 95 90 26 82 53 6 21 44 18 49 34 97 5 10 9 60 34 48 24 85 40 70 17 14 82 37 14 58 70 49 46 86 39 48 12 69 79 7 60 85 20 1 25 90 32 11 33 99 98 53 8 99 27 53 75 42 41 33 23 80 19 41 89 25 45 19 27 41 9 46 38 57 66 97 10 35 0 84 21 91 84 87 48 39 14 90 34 37 88 41 66 97 0 29 36 56 93 86 11 27 54 83 61 24 96 79 78 88 73 29 57 4 12 50 41 77 3 17 15 62 83 3 69 23 91 5 31 
4 11 63 47 10 50 30 62 54 26 60 57 92 76 98 13 13 15 38 19 76 0 50 58 25 98 65 58 31 63 45 73 97 68 97 52 99 66 43 21 58 85 16 10 15 95 91 49 35 32 15 49 57 1 89 87 7 18 70 34 88 85 5 48 6 80 36 10 25 61 98 10 84 8 56 3 18 45 24 40 93 88 78 37 63 33 19 50 96 3 22 97 44 84 61 58 39 5 23 81 14 28 52 80 61 15 18 6 17 67 93 87 84 45 53 89 63 48 66 10 88 91 65 19 47 16 1 64 
17 49 4 21 75 81 75 44 21 67 43 24 51 99 14 6 48 49 2 50 16 94 48 20 17 36 3 71 98 65 29 42 96 63 54 93 50 34 57 63 67 71 4 1 85 40 15 37 96 56 83 36 71 84 23 52 94 97 40 35 57 80 65 24 12 72 81 31 99 95 32 50 80 11 72 81 42 82 41 68 80 96 54 94 35 85 5 98 69 82 48 89 75 0 14 25 0 50 30 69 73 30 54 76 83 16 82 47 99 14 18 10 30 51 74 14 74 65 20 2 67 44 63 82 25 93 58 19 
76 47 3 11 49 5 57 60 69 29 4 17 28 87 23 28 75 76 62 18 73 53 10 27 51 46 85 69 6 24 67 60 29 59 73 35 27 12 59 9 5 66 5 13 20 9 81 38 26 4 44 99 78 67 34 26 29 97 51 40 7 84 87 25 19 93 80 84 30 69 91 52 4 60 85 60 59 89 66 44 65 50 71 89 61 30 63 4 47 47 23 21 39 61 52 46 81 33 93 73 74 58 69 37 14 85 44 18 55 94 0 2 48 2 63 84 45 83 23 82 22 62 3 41 75 68 8 2 
59 75 14 19 64 54 89 64 58 96 13 18 5 84 90 87 36 96 40 55 83 0 17 71 53 86 21 0 7 16 53 67 3 96 45 78 28 62 99 85 68 22 23 29 68 84 87 29 69 49 86 76 15 84 1 70 6 37 39 66 54 9 66 27 71 79 20 6 21 49 91 7 50 9 67 88 54 13 97 78 22 48 49 53 72 64 75 26 21 49 87 79 56 80 39 59 59 56 37 62 52 71 45 91 82 76 10 1 35 83 71 35 15 66 13 99 78 30 91 76 83 66 59 46 83 88 15 91 
8 3 95 12 56 20 53 49 16 23 44 45 4 2 77 24 42 50 26 30 46 37 86 44 16 74 14 81 20 89 88 38 30 41 25 22 90 13 55 81 81 27 29 67 49 75 63 16 32 60 33 29 80 62 74 38 83 7 80 30 18 99 33 70 44 34 89 93 6 93 79 39 44 79 58 17 45 97 65 76 96 32 80 86 39 83 20 53 21 44 44 45 47 67 39 41 78 24 50 1 75 0 62 94 46 76 85 13 56 29 27 53 12 83 13 91 76 3 73 75 9 74 68 48 99 28 44 24 
33 69 0 21 25 35 94 8 3 32 4 12 8 90 81 45 68 72 74 5 67 86 95 34 0 64 71 62 31 19 69 15 17 0 35 31 81 93 44 55 38 69 33 74 82 28 7 8 29 7 73 92 43 61 31 23 22 26 9 14 51 2 86 62 82 94 11 81 87 66 69 4 80 23 62 27 49 55 66 16 95 69 52 88 96 15 78 14 6 84 3 69 58 67 15 64 46 41 20 56 42 39 36 38 0 72 9 2 71 76 0 96 77 21 17 92 39 28 79 35 60 7 71 27 76 2 89 11 
44 76 87 12 43 91 60 95 11 74 96 37 68 22 3 27 60 67 75 81 44 81 57 69 33 42 98 24 23 85 58 73 78 8 98 41 70 98 47 65 96 32 38 34 17 21 49 78 67 27 29 31 38 45 90 81 81 14 36 67 69 26 24 11 93 31 42 34 98 29 76 62 84 95 19 70 86 98 64 69 31 30 53 22 10 88 33 95 67 57 66 66 10 29 33 73 76 44 40 61 59 83 11 80 71 18 55 20 98 36 86 3 24 84 14 70 67 2 26 83 60 21 38 99 67 56 83 90 
83 27 42 20 74 52 67 3 68 5 94 34 70 11 37 78 93 71 48 27 46 48 89 5 40 98 34 51 15 1 21 84 20 5 2 48 23 56 42 37 20 40 84 30 41 68 88 68 90 93 23 48 34 9 62 40 22 90 64 6 60 88 42 25 89 81 2 20 9 44 11 36 82 48 1 94 40 6 58 42 12 53 39 26 84 98 29 58 34 15 42 19 55 95 56 6 74 67 60 14 25 95 71 78 19 32 61 48 22 21 17 52 59 75 29 89 32 22 26 41 73 0 11 16 86 68 58 7 
64 60 23 8 22 46 96 25 98 45 4 88 64 5 48 70 74 56 87 5 41 17 37 66 47 82 82 59 93 78 88 23 86 58 70 88 9 96 11 94 32 77 74 44 70 11 19 20 74 71 46 38 0 15 62 89 71 44 65 13 71 62 38 44 46 80 83 4 86 41 92 52 68 3 48 15 63 54 78 81 82 9 34 95 52 73 82 57 98 14 67 78 77 10 48 72 53 51 73 48 8 37 96 57 36 72 64 36 28 43 89 50 95 0 80 17 66 46 95 36 23 33 28 26 55 49 42 64 
25 77 84 78 55 1 25 83 97 46 64 48 4 13 0 79 85 90 10 16 33 82 82 44 15 16 52 64 40 28 89 0 54 5 92 25 64 80 68 59 93 32 18 27 24 32 8 40 31 35 18 4 70 90 4 86 53 27 47 37 92 61 11 44 40 0 73 52 99 46 98 33 36 14 32 17 7 24 87 89 17 65 26 65 17 9 71 54 18 6 49 25 29 55 41 11 21 64 67 96 43 4 97 41 49 20 40 33 34 14 34 37 41 94 60 54 5 39 13 91 70 38 26 12 56 46 67 7 
12 84 82 29 73 81 35 2 57 95 80 96 72 81 58 13 32 45 43 92 54 5 37 31 4 54 15 50 76 63 22 22 67 85 23 58 57 69 95 26 64 23 87 27 19 73 17 37 69 19 95 44 46 66 34 88 29 26 82 63 38 33 88 65 15 77 60 97 50 57 77 71 13 66 25 47 56 95 85 9 30 95 4 99 78 2 46 3 56 11 92 78 61 40 31 0 23 11 98 24 0 23 92 54 84 34 94 23 57 46 16 21 39 29 89 96 17 62 28 64 74 4 14 56 11 69 98 42 
35 15 6 92 80 46 42 7 38 82 26 82 90 22 52 80 61 58 4 70 41 16 84 83 74 81 74 65 16 95 84 29 69 66 18 89 86 27 38 49 71 39 85 59 42 16 12 52 64 28 33 56 94 35 70 87 93 31 6 73 29 54 71 15 47 15 68 71 5 0 40 90 22 16 99 59 94 43 0 83 27 34 90 67 73 80 86 98 39 17 4 52 58 79 50 77 1 94 23 66 46 92 28 88 36 33 64 54 18 51 99 10 34 73 92 47 70 9 20 46 95 51 94 9 34 32 65 43 
4 44 78 37 76 92 27 88 0 90 72 88 73 48 79 21 79 99 87 44 28 9 4 92 17 54 39 25 82 68 8 28 67 20 67 49 56 14 11 58 7 32 51 9 11 3 23 91 27 67 87 10 51 60 55 75 71 93 95 48 49 36 87 2 12 18 85 42 34 72 5 81 93 14 94 32 9 47 63 17 85 17 41 32 69 71 39 61 58 12 22 94 72 82 26 19 64 50 28 20 81 38 17 67 97 36 55 43 99 41 79 12 35 66 23 3 31 45 69 28 93 0 75 87 47 13 97 52 
93 5 88 59 29 46 68 38 35 43 92 32 72 36 4 10 97 37 79 15 48 47 10 82 62 91 12 14 25 61 88 97 7 14 93 6 0 26 28 39 33 58 27 92 77 16 48 99 68 38 83 68 86 71 72 9 21 99 21 73 82 59 35 2 22 22 67 42 3 2 19 70 84 49 82 50 49 89 40 53 16 86 45 62 33 71 85 17 75 80 20 58 87 62 27 98 24 52 70 19 9 24 7 83 27 97 7 40 53 28 56 35 52 8 3 64 38 62 23 36 96 69 62 38 64 23 94 43 
16 4 90 93 75 74 14 14 39 25 24 28 9 0 57 88 93 44 67 52 73 25 16 45 99 14 35 48 60 88 58 7 32 22 15 24 88 60 71 54 7 69 84 55 24 97 17 81 30 79 72 0 65 95 35 79 73 71 87 30 48 67 81 19 17 99 70 4 18 84 94 80 89 42 35 29 3 44 94 34 28 8 90 21 35 8 72 59 81 77 35 58 24 64 81 59 58 34 5 64 97 44 14 92 85 70 61 26 33 24 58 18 94 39 25 98 90 25 99 93 28 47 93 46 75 41 52 90 
79 75 74 73 82 67 13 6 36 92 42 62 98 49 35 63 41 56 9 85 35 37 4 72 89 73 79 76 9 60 12 2 50 47 27 3 85 42 86 57 90 85 26 52 40 28 28 11 89 92 46 68 58 28 91 78 17 60 67 68 31 40 52 65 77 17 50 26 9 80 77 3 34 79 93 85 85 92 21 63 33 86 68 76 42 78 80 77 71 23 7 76 65 66 52 72 72 1 89 85 47 29 50 54 33 77 19 85 21 41 86 39 74 27 7 69 91 28 39 22 17 54 42 26 26 81 3 35 
28 92 62 30 18 57 78 39 55 27 16 12 61 31 70 43 87 77 27 47 70 13 20 53 60 26 15 48 23 21 15 53 72 25 48 43 95 1 87 42 42 94 60 62 73 51 43 99 57 82 93 10 99 66 87 30 82 90 68 4 83 91 47 12 42 48 95 9 14 20 86 63 81 13 60 2 48 12 20 54 39 26 99 29 21 9 24 29 71 70 76 63 63 81 72 14 47 57 79 52 94 70 95 25 30 69 22 34 70 91 66 37 98 43 6 45 73 32 28 85 22 42 47 96 7 85 76 52 
5 21 44 31 84 4 23 5 86 56 88 32 81 59 59 68 6 11 11 38 46 15 45 15 4 91 85 45 18 19 68 38 76 91 2 76 55 33 56 32 56 48 60 37 42 80 96 51 74 86 68 20 89 68 5 91 61 76 94 20 88 62 64 68 24 96 61 85 99 65 64 84 89 64 44 60 44 82 89 10 22 30 39 43 78 97 50 73 8 74 14 34 2 22 36 93 23 71 61 27 6 1 33 65 68 33 10 55 65 86 99 88 12 93 47 58 40 34 78 37 37 68 13 71 0 67 37 83 
20 4 42 74 82 72 97 29 58 62 60 68 41 75 32 82 41 63 47 59 32 5 60 14 82 22 92 19 13 30 29 96 69 87 44 2 95 34 7 18 26 3 29 56 33 93 49 76 20 6 29 68 65 0 23 22 12 44 53 65 98 66 34 41 67 29 4 54 2 44 94 57 81 89 17 79 25 81 91 74 95 36 12 18 44 70 41 99 42 87 93 39 66 31 46 50 45 81 92 12 50 81 8 62 75 59 88 29 24 38 13 64 90 12 84 40 92 28 69 1 89 50 81 35 90 6 47 2 
83 39 77 94 81 53 12 1 63 1 42 6 63 92 54 57 2 67 61 72 62 45 79 74 52 73 43 18 94 66 68 3 31 80 96 21 20 33 18 58 77 79 75 73 65 36 0 15 35 48 63 52 93 89 59 45 97 45 81 92 65 83 52 7 11 19 80 48 21 19 90 8 55 70 83 39 75 20 90 20 32 15 6 22 54 24 77 33 64 97 85 28 44 89 29 91 23 24 28 73 64 37 36 44 10 97 94 8 32 91 8 9 45 36 38 60 97 43 85 39 38 41 21 68 30 45 6 83 
4 68 74 22 81 79 16 78 29 57 36 92 97 90 22 2 0 60 8 14 37 29 83 87 43 30 12 58 80 74 11 98 1 74 81 65 63 24 7 78 70 28 1 3 54 87 48 42 30 14 94 38 11 63 24 53 6 98 18 79 73 25 52 38 36 70 44 36 94 52 99 60 69 32 82 24 46 13 18 90 10 34 9 18 78 56 70 64 36 24 31 83 50 9 49 25 98 36 25 75 47 35 97 99 67 37 1 8 74 93 80 95 18 37 34 80 91 8 70 6 76 29 7 22 70 66 78 0 
93 25 87 92 18 42 58 53 80 86 84 12 61 13 66 91 10 82 7 50 93 87 21 77 79 47 2 23 86 32 60 23 93 4 54 33 94 68 52 0 31 71 49 93 20 92 52 30 83 41 42 92 49 18 33 34 37 93 4 11 42 68 29 78 49 18 86 80 88 37 1 73 49 92 54 82 90 3 2 58 5 67 45 76 82 24 36 53 85 88 1 87 37 33 6 60 50 22 40 19 67 2 71 88 73 29 49 78 68 20 61 98 19 51 58 69 42 85 40 26 63 34 45 13 96 12 59 63 
60 16 6 71 60 74 84 16 12 7 88 80 6 42 83 97 10 1 52 46 98 13 3 36 88 45 20 61 66 51 41 21 82 12 73 59 46 29 3 50 53 62 90 29 47 29 82 24 69 2 99 16 12 49 68 16 80 81 78 73 88 28 14 31 28 35 61 49 70 72 11 35 89 72 3 65 91 38 44 31 61 49 70 59 4 25 23 54 2 9 68 55 89 43 28 73 20 84 59 3 28 97 74 65 52 31 43 0 31 20 79 57 25 82 67 59 85 35 75 58 27 77 72 88 58 62 82 10 
47 75 85 54 75 35 7 92 17 42 26 14 83 19 73 64 42 21 61 67 20 5 46 88 62 45 72 56 39 79 87 32 44 65 57 10 55 35 70 54 65 54 96 58 18 76 64 62 32 63 84 73 69 18 39 55 28 18 78 43 31 13 5 9 84 89 25 75 10 83 43 5 83 25 69 53 1 93 7 84 22 83 4 35 11 55 42 29 17 74 72 5 27 49 15 66 18 27 7 61 61 54 86 91 68 62 89 23 52 69 34 50 81 34 86 82 54 54 56 60 60 12 97 1 10 62 9 19 
32 8 82 47 31 53 43 6 55 10 64 28 14 57 65 32 84 46 60 13 27 90 31 57 98 65 28 24 21 92 95 95 22 67 97 50 58 14 71 67 89 35 74 64 23 47 0 54 48 98 23 62 18 20 32 76 10 87 11 75 55 71 33 16 25 84 34 90 74 99 12 9 21 72 92 98 72 50 19 27 96 75 40 35 70 42 11 32 53 5 85 19 33 96 95 52 21 55 4 91 72 64 87 22 76 73 24 99 77 79 90 16 93 11 1 6 52 39 97 23 54 24 22 31 2 90 37 28 
57 17 83 45 64 92 5 80 86 99 80 39 45 68 57 41 11 81 35 85 56 95 36 67 50 95 98 82 63 2 63 88 94 53 83 79 85 63 84 80 22 57 62 30 9 52 16 38 61 9 71 53 97 19 26 37 84 14 49 83 44 47 61 96 63 92 44 62 0 85 30 70 1 99 76 48 88 20 48 31 95 60 96 61 83 82 41 57 5 53 11 15 60 65 68 3 5 5 74 94 60 91 25 50 6 54 24 9 95 98 43 63 75 81 1 95 79 16 79 38 5 1 56 62 20 24 98 47 
0 8 82 47 74 79 7 75 2 29 76 32 66 33 78 67 34 60 12 13 5 18 78 78 83 85 85 76 87 57 89 50 35 65 2 97 41 76 59 87 57 76 99 38 96 37 46 23 47 65 48 8 40 7 32 95 44 82 64 48 18 19 55 89 38 49 43 55 54 99 44 12 46 59 61 19 34 15 53 71 27 9 97 76 53 3 48 26 99 74 26 40 92 66 62 28 15 11 74 3 93 30 48 99 85 23 26 3 23 70 57 99 1 83 11 17 71 82 82 95 5 31 4 10 46 11 56 82 
3 15 29 23 97 44 98 48 99 52 26 53 59 94 61 50 95 88 10 66 11 85 70 46 21 25 28 59 8 65 35 89 57 2 78 4 94 14 74 10 52 44 25 39 36 47 20 54 81 39 78 97 48 15 68 42 48 78 28 91 61 32 78 3 30 91 87 38 6 71 72 95 83 9 19 95 96 46 4 57 5 60 31 16 79 33 12 33 30 88 67 9 81 44 77 33 25 46 90 48 74 43 68 61 37 2 36 30 11 39 64 32 48 87 17 4 96 98 86 21 14 67 36 91 2 62 75 43 
44 44 49 36 1 82 90 21 1 55 68 88 10 64 36 99 73 69 52 9 42 94 26 63 24 33 33 79 45 41 66 12 99 4 66 32 45 41 78 75 68 81 12 81 45 95 68 33 9 33 16 82 90 37 12 2 26 24 81 90 25 98 25 78 47 90 32 73 22 31 25 74 74 99 90 24 91 59 60 96 35 48 54 13 99 36 13 0 21 47 72 8 80 12 40 27 12 15 79 67 37 25 1 92 58 77 59 74 80 85 28 70 93 64 44 56 22 26 7 71 92 95 62 88 70 23 20 68 
97 97 67 53 22 21 31 87 36 28 44 83 38 23 32 88 7 7 96 8 66 39 59 53 21 99 7 20 84 63 15 29 43 39 88 81 96 85 52 4 65 75 31 79 10 91 88 38 74 85 52 33 0 36 14 0 68 39 95 30 62 97 98 90 65 82 34 97 72 73 82 75 9 50 78 58 71 33 89 95 94 44 22 30 12 72 67 52 2 7 14 19 71 16 53 18 88 52 65 54 17 3 27 52 71 70 36 15 47 52 45 53 46 82 13 5 17 95 93 39 31 36 16 51 4 4 85 3 
8 80 1 40 92 57 2 39 96 90 56 24 58 16 50 90 79 38 28 96 19 82 86 8 34 73 53 30 8 42 8 47 96 78 67 83 80 74 74 59 36 46 24 19 49 17 10 43 84 97 9 80 48 8 53 26 35 78 10 96 88 73 24 47 96 71 49 6 22 59 61 57 18 19 23 9 20 80 19 96 94 86 91 37 21 37 85 14 32 52 33 24 75 65 11 15 62 94 68 78 82 43 26 65 6 0 37 74 62 88 47 88 16 81 46 51 17 34 88 80 59 10 7 95 54 19 71 50 
19 59 9 32 15 18 17 31 9 93 78 25 92 53 84 49 27 66 6 5 2 85 17 83 60 45 13 25 37 58 47 74 2 59 58 69 2 5 30 95 75 14 94 48 13 15 33 21 83 74 75 25 0 13 76 5 56 27 29 66 91 38 34 89 48 61 65 68 10 18 9 76 91 88 65 97 58 43 81 5 11 76 17 33 60 27 17 44 2 38 1 6 8 76 46 24 76 13 45 72 68 4 14 87 54 86 35 29 46 69 30 53 80 97 32 26 22 37 76 53 67 5 8 4 37 79 74 55 
40 76 13 24 59 32 57 24 67 93 48 4 22 47 99 37 65 96 84 36 81 78 70 40 91 1 58 89 54 23 26 49 68 85 51 77 60 4 62 35 39 99 49 17 54 99 52 49 15 53 38 98 25 46 65 29 53 73 94 25 87 72 62 24 65 88 38 83 2 79 70 24 90 46 76 70 69 4 41 32 89 20 88 82 64 70 10 0 42 85 58 48 22 55 54 18 75 14 18 66 74 49 71 78 43 18 70 65 16 75 94 87 48 98 96 98 67 1 69 84 85 42 89 94 42 63 58 56 
81 65 3 86 92 63 2 75 31 41 8 75 34 10 59 30 68 30 20 55 93 88 23 34 87 26 27 38 45 81 78 82 8 60 69 2 91 68 20 73 93 89 92 8 24 79 1 65 56 4 90 1 92 5 66 54 56 4 76 58 28 51 3 28 91 56 24 84 0 36 27 25 41 82 60 44 37 74 94 84 68 53 60 20 68 94 44 4 43 45 40 0 38 19 99 9 67 63 44 98 38 72 9 94 33 14 83 98 22 50 67 30 97 24 24 31 22 86 16 28 72 71 24 81 83 17 87 63 
52 64 33 49 82 71 1 6 27 59 60 56 15 23 97 68 11 5 69 59 74 42 25 57 8 77 26 88 29 44 0 48 97 19 99 80 63 25 18 99 91 5 97 4 7 69 74 46 50 96 50 64 35 85 61 41 23 71 15 11 66 24 20 73 34 69 79 69 6 87 62 2 38 14 25 35 82 65 72 36 28 46 89 42 42 63 67 18 32 74 23 76 70 77 13 2 97 1 43 62 27 4 12 95 48 28 8 45 85 74 81 26 4 11 5 25 54 57 63 45 52 49 51 81 14 51 26 82 
95 76 93 12 97 20 0 78 80 2 14 61 12 60 7 59 72 57 50 17 56 6 89 33 47 72 93 56 57 91 54 87 79 68 31 7 45 71 70 39 30 33 3 21 86 47 37 33 4 2 76 89 56 78 65 12 16 64 15 69 84 33 79 35 38 31 91 3 22 90 86 49 40 95 75 27 88 20 6 94 78 69 31 18 85 37 59 96 35 24 12 62 39 75 92 71 7 96 39 27 9 72 92 37 51 15 54 20 22 58 0 47 43 94 64 48 31 40 59 58 21 28 43 9 85 47 37 23 
88 4 5 77 5 70 12 47 86 54 4 76 47 70 22 80 61 26 57 95 43 6 29 54 30 33 70 56 79 68 74 6 61 10 88 19 35 34 90 15 71 58 50 42 83 59 20 32 32 24 23 42 57 16 89 24 93 70 84 81 4 91 43 22 47 78 84 22 82 11 83 57 6 82 50 68 7 21 26 69 60 93 74 79 32 12 35 32 47 83 77 73 61 27 68 25 74 53 21 26 19 38 29 12 0 26 93 40 83 48 88 69 28 79 55 64 89 64 16 93 71 96 73 83 82 48 53 24 
73 54 58 75 42 17 53 74 37 71 40 47 70 97 39 1 56 80 76 90 35 72 94 76 18 78 60 5 50 54 22 47 57 49 25 80 6 11 92 53 36 36 41 49 49 47 21 53 41 32 47 21 71 26 83 37 47 72 26 97 41 78 43 74 37 14 46 90 88 76 64 14 98 25 22 42 24 11 63 32 19 53 75 93 21 16 41 16 59 71 59 56 25 75 37 72 74 74 11 25 91 65 7 77 90 51 66 21 89 23 77 32 65 37 67 73 96 26 82 41 30 74 11 18 23 97 70 63 
96 28 77 5 8 57 4 45 25 5 92 60 67 53 88 67 64 23 97 70 69 30 97 27 71 97 2 19 18 93 96 85 74 20 32 90 22 28 22 43 22 87 86 93 0 61 70 2 75 64 4 61 3 70 25 7 7 28 81 30 15 38 77 67 52 43 33 7 74 14 11 48 6 13 63 97 89 69 81 93 63 55 56 23 83 45 60 37 1 8 30 65 45 32 31 21 52 64 98 22 96 80 70 58 13 8 75 15 57 95 95 43 31 36 57 75 52 52 5 57 22 80 66 98 26 44 20 78 
63 96 80 1 7 17 11 21 46 43 66 29 89 51 66 50 96 60 42 68 11 46 84 27 81 40 70 82 2 65 58 28 56 29 64 17 56 82 30 11 22 31 20 89 56 43 65 88 78 89 82 25 51 11 33 95 31 57 21 1 10 15 8 41 0 1 0 74 10 22 39 14 28 67 81 17 55 41 12 58 36 2 38 71 21 95 4 24 96 14 62 78 74 79 46 42 82 60 38 51 66 13 34 44 61 87 93 35 5 8 75 80 39 80 79 2 93 39 33 3 75 3 75 39 9 32 99 79 
20 28 25 29 71 95 55 27 24 7 68 4 87 1 5 58 30 93 69 50 30 78 4 4 9 97 35 42 56 14 9 15 78 79 77 57 38 1 94 48 26 56 51 87 1 7 36 52 26 80 36 15 53 45 18 87 45 79 17 56 78 57 67 4 93 60 37 89 62 26 27 6 86 37 12 18 6 6 83 5 82 29 13 36 5 95 21 31 72 9 95 81 64 58 81 48 9 32 87 45 37 59 11 95 29 70 28 31 18 42 79 82 63 41 90 54 55 84 46 34 49 95 12 21 58 40 72 72 
9 98 2 55 4 50 16 85 87 16 72 35 79 84 2 67 41 59 97 81 94 92 6 82 81 54 4 51 63 52 78 56 54 74 58 46 5 81 64 9 31 46 82 70 87 63 49 68 95 71 92 29 7 64 95 12 43 13 43 80 71 8 52 64 7 56 67 17 68 24 25 47 10 48 96 16 94 76 96 5 9 10 1 18 33 71 59 84 88 49 1 57 99 50 66 43 9 49 34 37 76 13 85 67 11 15 85 88 81 41 40 89 12 55 78 31 70 45 24 41 4 44 47 63 23 46 69 67 
8 4 65 78 6 46 10 88 27 90 48 3 51 76 87 85 72 62 17 62 71 46 0 17 90 97 15 21 6 58 95 26 23 50 33 47 94 83 86 56 29 25 55 54 97 93 98 9 29 0 69 69 50 99 78 26 87 49 6 54 5 80 94 61 50 25 10 58 59 42 44 61 58 17 41 27 71 94 46 33 29 79 58 81 43 20 98 73 38 86 53 53 0 0 64 4 27 83 33 25 53 37 0 52 98 41 2 86 12 85 54 77 67 26 0 65 41 19 15 18 32 71 54 15 58 28 87 70 
91 20 4 97 13 11 18 61 72 85 70 61 21 58 25 52 1 74 51 59 97 6 3 1 96 48 75 72 7 78 26 97 65 10 57 30 35 37 42 43 13 45 9 54 53 71 17 20 3 37 91 65 19 12 81 53 99 38 10 28 68 54 56 39 2 39 58 80 6 78 68 40 24 66 83 35 21 42 97 31 18 74 40 60 2 70 85 92 49 72 89 87 81 18 75 5 69 39 9 43 3 94 40 74 18 35 84 10 96 18 85 54 66 90 78 56 38 2 68 20 29 94 38 24 45 68 26 91 
